index,name,hex,L,C,H,a,b
0,blue_10_0,#b9ddf1,86.19408777366668,15.574051717651226,241.3184277288932,-7.474631575729196,-13.663124449085107
1,blue_10_0,#a6d0ea,81.37779685112677,18.999866444048095,245.57702379907937,-7.855866992056426,-17.299719035139937
2,blue_10_0,#94c2e1,76.26123198811779,21.723695748418464,249.18970045602077,-7.717886046666845,-20.30648152537804
3,blue_10_0,#83b3d7,70.84994927054777,24.181411208246253,253.55224130961705,-6.846748742198261,-23.191866670958248
4,blue_10_0,#75a6cc,66.06813617914793,25.333066884163426,255.39837026339978,-6.386387221677392,-24.514859494035314
5,blue_10_0,#6798c1,60.9475840978854,26.825844043957037,258.69610186112527,-5.258210419901377,-26.305458214042687
6,blue_10_0,#598ab6,55.76248160626584,28.421686223780277,261.9743005899807,-3.9681579867502093,-28.14331128341532
7,blue_10_0,#4c7dab,50.85354816385599,29.62804758904774,264.5039104197191,-2.8377097143001406,-29.491839676701147
8,blue_10_0,#42709e,45.92589402499277,29.657942654818843,267.00776343564087,-1.548163704646388,-29.617507519373376
9,blue_10_0,#376491,41.168182508859296,29.387028080460958,268.0875363419325,-0.9807212358309003,-29.370658917691838
10,blue_10_0,#2a5783,35.881026348941695,29.229676328994106,269.2237499311672,-0.39599503392578894,-29.22699379393756
0,orange_10_0,#ffc685,83.62389887126034,42.188053040503206,72.60529445676235,12.612228724700413,40.25870720656779
1,orange_10_0,#fab767,79.14173509419557,52.1350865134407,72.1643353761558,15.96834684392806,49.62941813920408
2,orange_10_0,#f5a847,74.74747315887102,62.69732229012218,71.52107713629505,19.872278656435928,59.46466819341055
3,orange_10_0,#f59536,70.30103851901974,68.63867585163992,64.88574163082978,29.13195389386708,62.14979553459607
4,orange_10_0,#f2822a,65.76036095238896,72.80098998373035,59.13475292609837,37.348414535836596,62.49063989327135
5,orange_10_0,#ed6f20,61.2056122735125,76.34900540898836,54.2355225550711,44.62253617792439,61.951593135217784
6,orange_10_0,#e16220,56.93100178889958,74.02098304944182,51.238828274784,46.34272580915988,57.71878113909528
7,orange_10_0,#d05822,52.40780386566473,68.6320347398895,49.260584203477265,44.79062457640437,52.00150134941298
8,orange_10_0,#c04f23,48.16313193372579,63.588159955900565,47.31558225249819,43.11021469482845,46.74359288226562
9,orange_10_0,#af4623,43.68064884484127,58.32076956047157,45.309940766623185,41.01532745866548,41.46148906616921
10,orange_10_0,#9e3d22,39.11220421171896,53.27226147014243,43.14658804901546,38.86778585471587,36.431155140829276
0,green_10_0,#b3e0a6,84.81601472877072,34.69053741059594,136.77842467989348,-25.279369353234383,23.756827880394948
1,green_10_0,#99d788,80.26344721462138,47.60084484088342,136.37010382956527,-34.45405930866913,32.84445503765541
2,green_10_0,#87cc79,75.89430776812328,51.10854242554463,137.35933378221569,-37.596286213675334,34.62083724873073
3,green_10_0,#78bf6c,71.10188272595606,52.00589895614612,137.7807048362656,-38.51444246888502,34.94640535946188
4,green_10_0,#6ab25f,66.31296923051309,52.71461384230102,137.84725395597457,-39.080418463286136,35.37727243976503
5,green_10_0,#5ea654,61.9044835902091,52.74972878637009,137.89652949345032,-39.13688219596217,35.36719297618883
6,green_10_0,#4e9a51,57.389549562479715,50.06958034133584,141.55577194650596,-39.21518349404957,31.13088914704344
7,green_10_0,#408e4d,52.91742139695572,47.387658889496656,144.56945603568107,-38.612358636477,27.471366466839097
8,green_10_0,#2f8243,48.227068186559976,47.72247290822724,145.83977864573922,-39.488943844770866,26.796599308513315
9,green_10_0,#27763d,43.83490492920577,44.66256844307979,146.78082699485248,-37.36385770703032,24.46808446081502
10,green_10_0,#24693d,39.266228958677054,37.40511906764352,150.2872130559931,-32.487128394612206,18.53994123875721
0,red_10_0,#ffbeb2,82.54242382585204,26.55104604371229,34.95550031455326,21.761164972972868,15.212157803362047
1,red_10_0,#feac9d,77.8836240862047,34.639589878454245,35.23635097631529,28.292890265408655,19.985333306628995
2,red_10_0,#fc9b87,73.47561499171962,42.80036433814059,37.18147550771562,34.10013531626155,25.866038716630513
3,red_10_0,#fa8971,69.04932919574948,51.71095981505144,38.182054826615854,40.64742796910903,31.965762379301353
4,red_10_0,#f67561,64.30965678744396,59.07428318851715,35.82117488609089,47.90023955957784,34.57366026865212
5,red_10_0,#f26250,60.06673695101314,66.59693117696942,35.403156280105975,54.28288444621021,38.58133873246743
6,red_10_0,#eb4c48,55.38458743521957,71.19211346005602,31.48306432342332,60.71224771177075,37.179833198846865
7,red_10_0,#e03841,50.76013936850862,73.10911144519383,28.807292543382346,64.06151937575821,35.228737013624645
8,red_10_0,#d2283d,46.39268228201145,71.87298313832635,26.214074088440555,64.48083902210332,31.74818269141937
9,red_10_0,#c11a3b,41.83829578213402,68.37505435160594,22.93911862339047,62.967922027092754,26.649368720009747
10,red_10_0,#ae123a,37.37118561702746,62.937676393411856,19.322804218973204,59.392354865294095,20.825448215027908
0,purple_10_0,#eec9e5,84.79660848364159,19.826840445209218,333.1125903143982,17.683498068778782,-8.966465194895989
1,purple_10_0,#e7bada,80.27535050065191,23.526777460502643,335.20140664730934,21.357320988985574,-9.867831466408994
2,purple_10_0,#dcadcd,75.76890725173048,24.298329617368694,336.6180967709963,22.30295123544557,-9.642986486749505
3,purple_10_0,#d1a0c0,71.21725671179036,25.108209918134275,338.00960301889467,23.28150296208903,-9.401799036319392
4,purple_10_0,#c792b5,66.54873000509514,27.563303113896026,337.9339019162711,25.54432094531056,-10.354870640982373
5,purple_10_0,#bc86a9,62.17503235608041,28.15140418401089,338.66033120924016,26.221330033010638,-10.244189027516049
6,purple_10_0,#b0799f,57.472194258429255,29.8707525967488,336.93134520677336,27.48216768532946,-11.704371833277015
7,purple_10_0,#a06f99,53.106055024096705,30.371016646462827,330.4355081164592,26.416736849345092,-14.985148193200338
8,purple_10_0,#916491,48.4849968080496,31.288021989759404,326.07916861954607,25.96309623777665,-17.460181951503717
9,purple_10_0,#865986,44.13954680392424,31.700035392909673,326.1958351156218,26.340955142290625,-17.636505495804975
10,purple_10_0,#7c4d79,39.53656603110787,32.07063744357852,328.2548665785399,27.272771220784087,-16.87369953437099
0,brown_10_0,#eedbbd,88.21630935286564,17.232979521851302,83.85581135019936,1.8444614853792562,17.133988007159886
1,brown_10_0,#ecca96,83.06128420886137,30.803067341595142,81.00675386103785,4.815075054429629,30.424398266375864
2,brown_10_0,#e9b97a,78.12809578402425,39.62172101435312,76.00067526486873,9.584908759352583,38.444899534452134
3,brown_10_0,#e4a865,73.18217350331,45.3783299388455,71.05928925491224,14.729332356886449,42.921318669853335
4,brown_10_0,#dc9856,68.27594334823044,48.26919851931506,66.99717003645452,18.862472980686494,44.4310999047955
5,brown_10_0,#d18954,63.41716037490204,45.21611670971921,60.52316381782293,22.24956907524711,39.36310310776776
6,brown_10_0,#c7784c,58.13179405564655,45.62117672416083,54.08520629705504,26.760537772218097,36.94814452497991
7,brown_10_0,#c0673f,53.242557396538984,49.738773634198196,49.66591006321022,32.193094881407816,37.91503982050769
8,brown_10_0,#b85536,48.20537570789807,52.748135268690305,44.087184352106874,37.88803284079367,36.69962863271222
9,brown_10_0,#ad4433,43.15269197204498,52.816788710797425,37.44821014251585,41.931421676197346,32.114934935851046
10,brown_10_0,#9f3632,38.27298863111253,50.6325481128288,31.31434452536172,43.25684087869256,26.31540700033719
0,gray_10_0,#d5d5d5,85.2704731636151,0.000015671211252426213,NaN,-0.000014550354365816531,0.0000058201417463266125
1,gray_10_0,#c6c8c7,80.42519156113995,0.9090109840525721,163.57425147250774,-0.8719115136593958,0.25704334552056896
2,gray_10_0,#b6b9b9,74.9167134986884,1.1077792034150955,199.31960194741265,-1.045397742903742,-0.3664946420491644
3,gray_10_0,#a7acad,69.99159418414385,1.9318046204824992,215.71707165125252,-1.5684507571390172,-1.1277549885270188
4,gray_10_0,#979fa1,64.92167311123512,3.1791069203212747,219.63770004043113,-2.4482100758664305,-2.0280503532360106
5,gray_10_0,#889296,59.88302435706349,4.352159429891195,230.41284158778174,-2.773419168147051,-3.354018160497252
6,gray_10_0,#7a858b,54.841235623487364,5.347659498884557,239.2970511890782,-2.7304463338710394,-4.598056647526261
7,gray_10_0,#6c7880,49.71280702987525,6.45977638331363,245.65916369372798,-2.6624862181302555,-5.88556522864907
8,gray_10_0,#606b76,44.6741099859293,7.703152289652934,257.9006204860035,-1.6146421445762393,-7.532030665268397
9,gray_10_0,#555f6a,39.8421074695986,7.656002769702017,260.61515345217794,-1.248426323326196,-7.553529646788393
10,gray_10_0,#49525e,34.516582837584245,8.201514756225178,265.77700005854183,-0.6039475551073425,-8.17924762109934
0,gray_warm_10_0,#dcd4d0,85.43176609264363,3.591774439298912,55.260865362039794,2.046740116394885,2.9515586592071763
1,gray_warm_10_0,#cec5c1,80.12617050909411,3.9557893921611447,52.07506767902788,2.4313409507738526,3.120392747111289
2,gray_warm_10_0,#c0b8b4,75.31621910160949,3.6939851033324396,55.20253866222174,2.1080730151530336,3.0334063536601175
3,gray_warm_10_0,#b3aaa7,70.26241503826691,3.804451727280861,45.12741151138755,2.6841647383769596,2.6961291887563688
4,gray_warm_10_0,#a59c99,65.02327340601927,3.869973850158085,45.1060693252453,2.7314141242518186,2.7415460023032745
5,gray_warm_10_0,#98908c,60.35178086707103,3.8770842416984483,55.08567334261204,2.2190527805504567,3.1792431448943503
6,gray_warm_10_0,#8b827f,55.058761015425276,4.012326947845001,45.05682253149058,2.8343284888499576,2.8399559069986813
7,gray_warm_10_0,#7e7673,50.252097246971175,3.7169541067756158,47.74274597867236,2.49950488593359,2.751040377215541
8,gray_warm_10_0,#726866,44.85404391489677,4.373407623046903,35.65391260925884,3.5536239583788265,2.5492059547554735
9,gray_warm_10_0,#665c5a,39.94434074718665,4.479387622707765,35.656592688950525,3.6396161523030157,2.6111506540915097
10,gray_warm_10_0,#59504e,34.825356044062104,4.169819204147116,37.2815993198011,3.3177919337442354,2.525796682168968
0,teal_10_0,#bbdfdf,86.3384436072437,12.369796383057059,198.54787484783176,-11.727286803629777,-3.9347943762924054
1,teal_10_0,#a2d4d5,81.6040508379512,16.891487592409685,200.01109649271805,-15.871687069143213,-5.780302990650443
2,teal_10_0,#8ac9c9,76.91537849047651,20.94935254588112,197.84934498276945,-19.940971486512804,-6.421294905678998
3,teal_10_0,#75bcbb,71.78098062621774,23.370803015668056,196.23463786746512,-22.43888868310423,-6.533812689725349
4,teal_10_0,#61b0af,67.03997324708831,25.48387664647688,196.07255212205814,-24.487760152165638,-7.055322222468541
5,teal_10_0,#4da5a4,62.64768266602792,27.50908669530033,195.88454549319422,-26.458656900182675,-7.529231424784699
6,teal_10_0,#379998,57.903599643320774,29.18105966501406,195.66325436200884,-28.09742373573704,-7.87838959353695
7,teal_10_0,#2b8b8c,52.80754425729887,27.981337188727345,197.93975738284763,-26.62090978290943,-8.618723408919271
8,teal_10_0,#1e7f7f,48.24191023424049,27.542481665352778,196.6016955280009,-26.394349074221445,-7.869347700695362
9,teal_10_0,#127273,43.35963349420509,26.230973384663802,197.8653344889959,-24.966120801630716,-8.04715955013462
10,teal_10_0,#006667,38.692292334734795,25.415505539598147,197.80716171284521,-24.19787852672653,-7.772425402609606
0,blue_teal_10_0,#bce4d8,87.55020649093468,15.42329861364333,174.29680015335464,-15.346953618865234,1.5326952554280293
1,blue_teal_10_0,#9dd3d1,80.93732526217048,18.32679095686769,194.7328168447001,-17.724247327832067,-4.660721343157648
2,blue_teal_10_0,#81c3cb,74.82911470749387,21.669624786500513,209.44859397489117,-18.869847509004998,-10.653707963644177
3,blue_teal_10_0,#65b3c2,68.6783222831802,25.0567469178762,217.02838483330285,-20.003734869293964,-15.089438604053207
4,blue_teal_10_0,#45a2b9,62.173736844104255,28.583675054604935,224.56217749351688,-20.36556552363328,-20.056675211256824
5,blue_teal_10_0,#368fae,55.566484462941375,28.958182205903594,235.93164805474316,-16.22183850630321,-23.988086045904744
6,blue_teal_10_0,#347da0,49.41565737880532,27.76723599170437,246.1926571416277,-11.208593330587657,-25.404464768392753
7,blue_teal_10_0,#306a93,42.826201885200945,28.487144414283655,259.317325660013,-5.280646998694377,-27.993430732145576
8,blue_teal_10_0,#2c5985,36.69238345821042,29.173592795220905,268.9055465234644,-0.5572347326499305,-29.16827053553388
0,orange_gold_10,#f4d166,84.89253371236539,56.63742265085034,90.0655127351244,-0.0647599472645144,56.637385627165784
1,orange_gold_10,#f8be5c,80.49364929042726,57.36892078200221,79.20449384237719,10.745443880332328,56.35360243592484
2,orange_gold_10,#f8aa4c,75.5957130107795,61.69809211376973,70.77809841821664,20.312715718016015,58.258459906165385
3,orange_gold_10,#f5983b,71.00155579136047,66.82468957299668,65.46188758572492,27.752189692576977,60.78943250100789
4,orange_gold_10,#f3852a,66.52165614119106,72.8475562647469,60.18780278483655,36.21679498899611,63.20688423321064
5,orange_gold_10,#ef701b,61.67465343847965,78.16723373694772,55.03177694837308,44.79936417115565,64.05570544414286
6,orange_gold_10,#e2621f,57.08318666459803,74.67609251543676,51.29811452968511,46.69259626587979,58.277956787499164
7,orange_gold_10,#d65322,52.51178896293018,71.99679535319042,46.78722811131286,49.296895825630905,52.47241754565989
8,orange_gold_10,#c54923,47.9567900604964,66.86938419319286,44.48388115961575,47.70780203472336,46.85595124840041
9,orange_gold_10,#b14223,43.31227165099223,60.023080208007656,43.365041628426866,43.63640442955086,41.214492185608634
10,orange_gold_10,#9e3a26,38.616269476771556,52.66457242491712,39.79930609124631,40.46173154311614,33.710613599164006
0,green_gold_10_0,#f4d166,84.89253371236539,56.63742265085034,90.0655127351244,-0.0647599472645144,56.637385627165784
1,green_gold_10_0,#d5ca60,80.31072414609014,54.304267818625135,100.28903669686542,-9.699499757226393,53.43101353873545
2,green_gold_10_0,#b6c35c,75.914655286614,53.15639411898344,111.16943065858197,-19.196213957258344,49.56922034327207
3,green_gold_10_0,#98bb59,71.51217733614766,52.981186764541455,121.25576633895514,-27.489781225211008,45.29147910114284
4,green_gold_10_0,#7cb257,67.13657193341201,52.94878869770265,129.9095515611183,-33.97075221324919,40.61480294941722
5,green_gold_10_0,#60a656,62.02340619916285,51.50048629631569,137.92208362248346,-38.225421714123854,34.51256616848983
6,green_gold_10_0,#4b9c53,57.938230823475195,50.9462205647591,142.87526415086785,-40.62061564920999,30.74870686894393
7,green_gold_10_0,#3f8f4f,53.23836318014098,47.29461919039475,145.48861523059185,-38.97141067137117,26.79571149732346
8,green_gold_10_0,#33834a,48.79708850262192,44.57611599486109,147.86033511616426,-37.744997404763645,23.71382061376227
9,green_gold_10_0,#257740,44.1701330716157,44.244249250367325,148.3500894136954,-37.66380935057623,23.216180929086427
10,green_gold_10_0,#146c36,39.81432160449357,44.55616222219772,148.65595001773943,-38.0535985873843,23.177040935396022
0,red_gold_10_0,#f4d166,84.89253371236539,56.63742265085034,90.0655127351244,-0.0647599472645144,56.637385627165784
1,red_gold_10_0,#f6be59,80.26109109224895,58.22743173701099,80.38060977345572,9.72994482283146,57.408727389073256
2,red_gold_10_0,#f9aa51,75.75394854645795,59.99150486991405,69.51958841550595,20.99025541014088,56.19955368482896
3,red_gold_10_0,#fc964e,71.59814750573409,62.305708638174295,58.573563423715655,32.48640889827298,53.16610354162958
4,red_gold_10_0,#f6834b,66.77805089760696,63.12748635532108,51.038271057241786,39.69463610669999,49.08579629483379
5,red_gold_10_0,#ee734a,62.4554842696122,62.92396944542711,44.909094820793825,44.564503351620935,44.42331563258658
6,red_gold_10_0,#e56249,57.922380054425844,63.125287876621904,38.58169426931477,49.3462848326261,39.366815247410145
7,red_gold_10_0,#db5247,53.550763211577404,63.414484786180935,33.39011265364701,52.94747037351755,34.89931606410439
8,red_gold_10_0,#cf4244,48.9867772742371,63.32407875290174,28.912894469077685,55.43109592267853,30.61588729262168
9,red_gold_10_0,#c43141,44.6852699208605,63.83795546728391,24.663024433192277,58.014507591581385,26.638345803545484
10,red_gold_10_0,#b71d3e,40.07639575056857,63.755629745668536,20.31115544298723,59.7913919528692,22.130742703423735
0,tableau-blue,#b4d4da,82.83393226984755,11.355888929582038,214.94891778594493,-9.308003036460121,-6.505174313902207
1,tableau-blue,#7bc8e2,76.68341590083334,26.50963337749181,230.0595588030768,-17.018945020588372,-20.325259461940902
2,tableau-blue,#67add4,67.66647073040218,28.84403621708658,246.9495949256593,-11.293616354227542,-26.54115021878529
3,tableau-blue,#3a87b7,53.64760303675726,33.10516840626278,255.8486190741006,-8.09370591754388,-32.10053114400655
4,tableau-blue,#1c73b1,46.55293828966348,39.90231488567537,266.8397851933944,-2.1997424634614404,-39.84163483505709
5,tableau-blue,#1c5998,37.22049048786582,40.126864488611346,276.2852392712113,4.393018498270868,-39.88566963410829
6,tableau-blue,#26456e,28.885566723679005,27.319077104204432,275.6845833605146,2.7060093738386914,-27.18472893177646
0,tableau-orange,#f0c294,81.42881384119549,31.120409555621443,70.61413813723681,10.329746971197428,29.356025249012376
1,tableau-orange,#fdab67,76.67453486698814,52.33521325596669,63.35189561289769,23.47284786082643,46.77606182493357
2,tableau-orange,#fd8938,68.79858169371167,71.55514524461658,57.374215560055404,38.578946090617904,60.264448305077615
3,tableau-orange,#f06511,59.77909510273852,82.51554713898418,52.51354461610072,50.21680542358708,65.47585793783472
4,tableau-orange,#d74401,50.20187990743561,82.51234125014112,47.76767315237987,55.45971729345178,61.094240451209025
5,tableau-orange,#a33202,37.976046729766566,66.62996274221076,47.63730118818171,44.896700721061414,49.23249129783946
6,tableau-orange,#7b3014,30.343503399080177,45.36539369477762,46.75909887696889,31.078348337711837,33.04777162959726
0,tableau-green,#bccfb4,81.07776804026666,16.006635345964277,135.27893047996668,-11.373366919461281,11.26316563022922
1,tableau-green,#94bb83,71.87581754835139,33.79908909174908,134.20287025912796,-23.564759253126233,24.22974504146078
2,tableau-green,#69a761,62.9296750738916,45.468411035133116,138.6765296987981,-34.14649075179599,30.023217205977872
3,tableau-green,#339444,54.343508218985505,56.81306342020739,143.39065809278577,-45.604996575319575,33.880797844112195
4,tableau-green,#27823b,47.894241653649665,52.35777160023447,144.2431911323241,-42.48856965442616,30.595059987901575
5,tableau-green,#1a7232,41.974809535686035,48.966043031683924,145.02677266355454,-40.123753539471565,28.067022857518474
6,tableau-green,#09622a,35.90714249294294,45.18272893537078,146.49549887113716,-37.675277826461574,24.94097902541368
0,tableau-red,#eac0bd,81.21900069818099,16.17624146854574,26.25816635355318,14.507010147295329,7.156636405111638
1,tableau-red,#f89a90,72.94840574458692,39.54429054341193,30.638400092169036,34.02393408082421,20.152489281612507
2,tableau-red,#f57667,64.44658137532193,56.918139615418696,33.482654557334854,47.4727379598468,31.40085616469741
3,tableau-red,#e35745,55.66678034411942,66.0369410163291,36.028582139724676,53.40563766497364,38.842186400763765
4,tableau-red,#d8392c,49.14464697996942,75.25352829193834,36.43605419403008,60.54298518578543,44.69497136344681
5,tableau-red,#cf1719,44.16525252090052,82.31357567154929,36.52821911952594,66.14420991065784,48.99457352738877
6,tableau-red,#c21417,41.272304387557185,78.42695892698815,36.36617389494086,63.15283794725091,46.50276277538521
7,tableau-red,#b10c1d,37.30204777739307,71.29819079902447,32.77361825429335,59.94865553227008,38.59521616842328
8,tableau-red,#9c0824,32.637723912406685,61.93484524311716,27.072779255228227,55.14859034827835,28.187905879767882
0,tableau-gray,#c3c3c3,78.79435531518298,0.000014669057241112586,NaN,-0.000013619877725634666,0.000005447951090253866
1,tableau-gray,#b2b2b2,72.57478578399468,0.000013706603099467343,NaN,-0.000012726261489071078,0.000005090504595628431
2,tableau-gray,#a2a2a2,66.61965441167874,0.000012785069684965174,NaN,-0.00001187063919383391,0.000004748255677533564
3,tableau-gray,#929292,60.55510567934532,0.000011846604427853616,NaN,-0.000010999296085056898,0.000004399718411818299
4,tableau-gray,#838383,54.758430458758966,0.000010949591483614603,NaN,-0.000010166440467251903,0.000004066576186900761
5,tableau-gray,#747474,48.840354651802784,0.000010033792332641079,NaN,-0.000009316142302040475,0.00000372645692081619
6,tableau-gray,#666666,43.192291536061106,0.000009159776580333757,NaN,-0.000008504639048556584,0.0000034018556194226335
7,tableau-gray,#585858,37.40589215198858,0.000008264353791719629,NaN,-0.000007673259860840886,0.0000030693039443363546
8,tableau-gray,#4b4b4b,31.888747393429803,0.000007410597128905072,NaN,-0.0000068805666997295845,0.0000027522266798918338
9,tableau-gray,#3f3f3f,26.65100384008494,0.000006600076727002736,NaN,-0.000006128017399076313,0.0000024512069596305253
10,tableau-gray,#333333,21.24673253653905,0.000005763786785984793,NaN,-0.000005351541682019345,0.000002140616672807738
11,tableau-gray,#282828,16.114392581835858,0.000004969577147561521,NaN,-0.000004614136545066927,0.0000018456546180267708
12,tableau-gray,#1e1e1e,11.263611426138173,0.000004218937667395316,NaN,-0.000003917185284474378,0.0000015668741137897513
0,area-red,#f5cac7,84.88379985301113,16.38666136048219,26.10614483158531,14.714900529804675,7.210712374035877
1,area-red,#fbb3ab,79.4390973353788,29.06732565047051,30.029372331722755,25.165588532367334,14.546565721505633
2,area-red,#fd9c8f,73.96381581093223,41.23028257770306,32.556888370935894,34.751255004856816,22.187529763916004
3,area-red,#fe8b7a,70.13857288978338,50.67947111248532,34.310453394207855,41.86101343882226,28.566839974277446
4,area-red,#fd7864,65.93635919941875,60.47296756506995,35.58142555834456,49.18202556010404,35.18676125947478
5,area-red,#f46b55,62.00640561117645,63.88409654539802,36.77776527591436,51.1688470179838,38.248227230446986
6,area-red,#ea5e45,57.973226002063896,67.28902528602005,38.3981128000766,52.73534552247633,41.794691727152156
7,area-red,#e04e35,53.55496103410013,71.44123348039716,39.004191226365606,55.51697711885334,44.96348621698871
8,area-red,#d43e25,48.983162288872904,74.64915319493107,39.83418539270616,57.32319424216992,47.81785727732629
9,area-red,#c92b14,44.518247783005606,78.54120205803672,40.35831528034788,59.849152811334186,50.86058718189281
10,area-red,#bd1100,39.95421020156373,82.14636318399874,41.00044778892601,61.99622607972505,53.89334779199603
0,area-green,#dbe8b4,89.89125086891745,27.204607510116553,118.49251717773586,-12.977794316485214,23.909569725498912
1,area-green,#c3e394,86.34432773857212,42.430634781855154,123.92003739394488,-23.677793940971135,35.20966972409833
2,area-green,#acdc7a,82.57258894218509,53.620090886373944,126.61519798062528,-31.981049321712142,43.03866437222719
3,area-green,#9ad26d,78.50033643327777,56.52634947140646,128.7259670524927,-35.362674596571495,44.09885973515155
4,area-green,#8ac765,74.31018378535349,56.43421550177652,130.9016788685816,-36.95103406011674,42.65491485384827
5,area-green,#7abc5f,70.12612672833453,55.54893042168796,133.51489028378012,-38.24783086479533,40.283831807954165
6,area-green,#6cae59,65.10546277957124,52.610138910211546,135.4023563803973,-37.46130838726713,36.93882902943493
7,area-green,#60a24d,60.65983798364813,53.06999862815738,135.1912815103678,-37.65122732763049,37.40066623892838
8,area-green,#569735,56.45417985381273,58.59129269043777,131.54542682803208,-38.85854495006647,43.85148872615626
9,area-green,#4a8c1c,52.169196232565284,63.436070158470635,129.28411051744683,-40.16557827487704,49.10052259391069
10,area-green,#3c8200,48.16562968314609,66.66028170770491,128.78127476248926,-41.75260591834712,51.964536526151974
0,area-brown,#f3e0c2,89.98115250717767,17.155558307749704,83.90933682182651,1.8202396363881657,17.058719427809386
1,area-brown,#f6d29c,86.05099365663284,31.892810192733396,80.55218557028002,5.23517987571126,31.46020078859426
2,area-brown,#f7c577,82.40143515757022,46.42308710740589,79.21675455728757,8.685484029877122,45.603348383079776
3,area-brown,#f0b763,78.04994569794923,51.35256147989588,76.96643142594752,11.58112629630159,50.029622067886926
4,area-brown,#e4aa63,73.64127570691335,46.4924338194146,73.11154673902911,13.506487304415227,44.4873150813613
5,area-brown,#d89c63,68.95347651562591,41.6810593287005,67.35216915147612,16.049954202288717,38.46699464303243
6,area-brown,#cc8f63,64.47218110603747,37.27025701804754,60.85982780525518,18.148673198310703,32.55299862274197
7,area-brown,#c08262,59.93933627170243,33.733717383557675,53.116690091266776,20.24654720625241,26.982235169435718
8,area-brown,#bb7359,55.63448620189352,36.7201013573463,45.76822273187531,25.614569636016437,26.310827924173164
9,area-brown,#bb6348,51.791073096185656,45.23826303691293,43.34223373069085,32.90029725420496,31.04949086831983
10,area-brown,#bb5137,47.9162661447851,54.5937902064606,41.181559666112776,41.088753200507696,35.94713186799194
0,blue_10_v1,#aad7f4,83.79679152242205,20.569795057259345,247.0704615974821,-8.013967645888354,-18.944465980024503
1,blue_10_v1,#9ac8e8,78.46310362167014,22.021563377733077,250.07590580474135,-7.504396782945233,-20.70346064124633
2,blue_10_v1,#8ab7db,72.4834469236194,23.64567389276879,255.08426347238446,-6.086353962125202,-22.84894284843153
3,blue_10_v1,#7ba9ce,67.30787180116982,24.423642576238716,255.96809085867073,-5.921810959541974,-23.69486171412083
4,blue_10_v1,#6c99c2,61.53659164276159,26.287605100599425,260.64556578345093,-4.272821941340322,-25.93802564927912
5,blue_10_v1,#5e8bb6,56.30812167943134,27.481712674716732,263.0233892871186,-3.3380430355406943,-27.278233084797932
6,blue_10_v1,#507ba9,50.3752558824537,29.094154367503172,267.28025515855865,-1.3805373458084524,-29.061382193504357
7,blue_10_v1,#426d9b,44.88683984872412,29.479071030231214,268.5733800603789,-0.7339298897990898,-29.469933419033655
8,blue_10_v1,#33608c,39.516438352345745,28.983093533853896,267.8853253475161,-1.0694661954704643,-28.96335534514034
0,orange_10_v1,#ffca70,84.31596965448536,52.267546000036994,80.34057472974621,8.770039439767952,51.52652494677763
1,orange_10_v1,#feb756,79.39386707381834,60.356526909310986,74.11589023899751,16.519127637842413,58.0519488272276
2,orange_10_v1,#f8a541,74.35149548776725,65.6729793191528,70.03844760386528,22.420065415087453,61.7274726474126
3,orange_10_v1,#f3912b,69.10115457895138,71.6952182642882,65.22266123490579,30.046964947394507,65.09519352005931
4,orange_10_v1,#e6821e,64.06903558552371,72.06152438450694,63.44382286273128,32.21691035004759,64.45877740165326
5,orange_10_v1,#d87311,58.88632872138486,71.76768236884217,61.65988585678241,34.068444360225044,63.16598239138904
6,orange_10_v1,#ca6401,53.682376988301215,71.5789348362924,59.84873564931701,35.95299770658384,61.89447364836841
7,orange_10_v1,#bd5507,48.678680112243754,68.32583676692589,55.75636272385873,38.447845537767144,56.481706272071854
8,orange_10_v1,#af470b,43.72297657985379,64.87093751209378,51.9937033291431,39.94415471023949,51.1146068964873
0,green_10_v1,#ace288,84.45265329379436,50.71925170889468,130.61552050311627,-33.01721176960576,38.50073013426139
1,green_10_v1,#96d680,79.69010520825103,51.108047775492956,135.01524655051094,-36.14846251342946,36.12922923807338
2,green_10_v1,#82ca7a,75.07046619579803,50.45542219601645,139.16414292731997,-38.17386510680348,32.992509025320295
3,green_10_v1,#72bd74,70.33809828516983,48.52228377418567,142.15612700678548,-38.31734200996206,29.76899937777886
4,green_10_v1,#63b16e,65.92047224929517,47.00330466155852,144.95772993128116,-38.482952843870436,26.988386197098446
5,green_10_v1,#53a367,60.79151130165292,44.91178613733134,147.96779753447743,-38.07397239758159,23.821023485853466
6,green_10_v1,#46965b,55.956236199360774,44.90959428418389,147.91526381034373,-38.05025814577212,23.85475872462568
7,green_10_v1,#3a8b50,51.77252261431475,45.424150788664896,147.6303295938638,-38.36575776222057,24.319171577214092
8,green_10_v1,#2c7e45,46.82442302591309,45.021997646673846,147.95202710361798,-38.16083004313661,23.88998372782928
0,red_10_v1,#ffc8c2,85.23395231308734,21.41267355430518,29.351424634493696,18.663921930945627,10.495742322428047
1,red_10_v1,#fcb4ae,79.83969188457164,28.758974782828727,28.014720296647624,25.38919794066963,13.508044214055403
2,red_10_v1,#f79f99,74.10952839099798,36.16899600000944,27.688193519201775,32.02726232144598,16.806270848763138
3,red_10_v1,#f18a84,68.4227917327787,43.565014415003176,27.98113895490451,38.47235524198872,20.439871895725204
4,red_10_v1,#ea7471,62.6594693234498,50.84030731946086,27.08291500136619,45.26559663509055,23.146546386156718
5,red_10_v1,#e1605f,57.2738036875121,56.595259659221,27.41099009475505,50.241145524307306,26.0547637160659
6,red_10_v1,#d64a4f,51.56772493799349,61.6651913861942,26.636229322051122,55.12072201303897,27.646009358626078
7,red_10_v1,#c73843,46.14971304477025,62.89190647312475,25.808808957103906,56.618554902373276,27.38121875649828
8,red_10_v1,#b72236,40.37900236940712,64.31519166497533,25.30334548060023,58.14463748849777,27.488997985261165
0,blue_teal_10_v1,#abded5,84.84438220059783,18.238527575956855,183.0061778521695,-18.21342928071701,-0.9564946289754683
1,blue_teal_10_v1,#93cfcd,79.17591273778474,20.17919144329765,194.87263495220927,-19.503163877766518,-5.179417540828357
2,blue_teal_10_v1,#81bfc5,73.51805385557074,20.54272387644601,207.06644943961084,-18.292872521788407,-9.347423129692146
3,blue_teal_10_v1,#71aebd,67.61688670126186,21.003230479438937,221.3360787229927,-15.770241716433265,-13.872100301601797
4,blue_teal_10_v1,#619eb6,61.97265442483091,22.790156711699115,234.60722249675618,-13.199566857994395,-18.57855424152106
5,blue_teal_10_v1,#548fb1,56.78419931495026,25.562048528730795,248.20236644154565,-9.491942359925565,-23.734391823281232
6,blue_teal_10_v1,#4e7ca9,50.56786512075415,28.872431422943425,265.159077386313,-2.436531534323494,-28.76943882585856
7,blue_teal_10_v1,#426e9b,45.186504147396796,29.0326793023231,267.35317283925224,-1.3407122819759643,-29.00170612306281
8,blue_teal_10_v1,#33608c,39.516438352345745,28.983093533853896,267.8853253475161,-1.0694661954704643,-28.96335534514034
0,green_gold_10_v1,#f1ce63,83.83407263352926,56.731487239680646,89.97180892352009,0.02791342826041765,56.731480372598874
1,green_gold_10_v1,#cec85e,79.17929457795611,54.18639118761718,102.49685859435374,-11.725181069991542,52.9026003029472
2,green_gold_10_v1,#acc15e,74.64729374346037,51.866594477689716,115.15041494575496,-22.04309905420365,46.949391974760225
3,green_gold_10_v1,#8cb861,69.9784693386652,49.30970371510196,127.09073515142416,-29.737647243366748,39.33343637289046
4,green_gold_10_v1,#6cae66,65.29324210317472,46.8738171067286,139.4499658917524,-35.61653269743731,30.47322314372771
5,green_gold_10_v1,#52a266,60.420172236742246,44.94565102611967,147.9333251204812,-38.088331570440225,23.861905714798603
6,green_gold_10_v1,#46975b,56.27687381544739,45.5041686677449,147.75627752141241,-38.48680159921669,24.277468335992292
7,green_gold_10_v1,#3a8a50,51.44440086501335,44.832582412275684,147.79870392147723,-37.93648443063569,23.891077723652966
8,green_gold_10_v1,#2c7e45,46.82442302591309,45.021997646673846,147.95202710361798,-38.16083004313661,23.88998372782928
0,orange_gold_10_v1,#eeca46,82.30539067025096,67.33438936689848,90.74978727906569,-0.8811299551801377,67.32862393822687
1,orange_gold_10_v1,#eebe39,79.21555354639042,69.30299393277376,86.05945733896488,4.762587532554596,69.13915481144409
2,orange_gold_10_v1,#eeb22d,76.19885513149197,71.20185313615647,81.41380599010017,10.630229360728494,70.40385013449976
3,orange_gold_10_v1,#eda523,72.91853684740441,72.50404042144243,76.60688619008522,16.794182452125163,70.53220054130516
4,orange_gold_10_v1,#ec9818,69.72508816047772,74.37936574346948,71.96499174768286,23.027705925142804,70.72492352930432
5,orange_gold_10_v1,#ea8c10,66.74147167639359,75.59171149326146,67.93174521104027,28.400626510514115,70.0536313140922
6,orange_gold_10_v1,#e5800a,63.44436557292043,75.80661184290796,64.57539059899472,32.54552883512496,68.46481543057983
7,orange_gold_10_v1,#e17505,60.556558558095446,76.40575876819658,61.420004537788145,36.551390711501206,67.09572124956279
8,orange_gold_10_v1,#dc6903,57.39546009570586,76.74421974367816,58.053890686877935,40.60700756652291,65.12101197431066
9,orange_gold_10_v1,#d85c03,54.30630327382967,77.62458986711844,54.213896687434726,45.391828135596555,62.96950762509432
10,orange_gold_10_v1,#d24f04,51.04410467128311,77.84836827414951,50.83730388506444,49.163161291601256,60.36018567535729
0,red_gold_10_v1,#f1ce63,83.83407263352926,56.731487239680646,89.97180892352009,0.02791342826041765,56.731480372598874
1,red_gold_10_v1,#f6ba57,79.27277325265418,58.408168364995504,78.44575479365778,11.698898890749875,57.22455676104161
2,red_gold_10_v1,#faa650,74.9386728354266,60.53017725717499,67.2119699245697,23.44472907886136,55.80543913637646
3,red_gold_10_v1,#fc924e,70.7389001430832,62.61571544257904,56.513318228652565,34.54779121336388,52.22238928528499
4,red_gold_10_v1,#f5814b,66.23349079249579,63.02392599469473,50.22997685873236,40.31688758456292,48.44134415226805
5,red_gold_10_v1,#ed724a,62.116324882007675,62.70644015618217,44.55906811170553,44.68006176792727,43.997610360962334
6,red_gold_10_v1,#e46149,57.58756590437309,62.9407640079011,38.21344791307325,49.45329624089773,38.93470514603018
7,red_gold_10_v1,#da5147,53.22178403229708,63.25356363832488,33.0152989134084,53.039701438654994,34.46452356040852
8,red_gold_10_v1,#cf4144,48.84376512895106,63.58236995131625,28.604429858533138,55.82188498160784,30.440678798709296
9,red_gold_10_v1,#c33041,44.37795233714097,63.68802475275701,24.304481095428002,58.043424498351484,26.213076305766936
10,red_gold_10_v1,#b71d3e,40.07639575056857,63.755629745668536,20.31115544298723,59.7913919528692,22.130742703423735
0,gray_warm_10_v1,#dcd4d0,85.43176609264363,3.591774439298912,55.260865362039794,2.046740116394885,2.9515586592071763
1,gray_warm_10_v1,#cec5c1,80.12617050909411,3.9557893921611447,52.07506767902788,2.4313409507738526,3.120392747111289
2,gray_warm_10_v1,#c0b8b4,75.31621910160949,3.6939851033324396,55.20253866222174,2.1080730151530336,3.0334063536601175
3,gray_warm_10_v1,#b3aaa7,70.26241503826691,3.804451727280861,45.12741151138755,2.6841647383769596,2.6961291887563688
4,gray_warm_10_v1,#a59c99,65.02327340601927,3.869973850158085,45.1060693252453,2.7314141242518186,2.7415460023032745
5,gray_warm_10_v1,#98908c,60.35178086707103,3.8770842416984483,55.08567334261204,2.2190527805504567,3.1792431448943503
6,gray_warm_10_v1,#8b827f,55.058761015425276,4.012326947845001,45.05682253149058,2.8343284888499576,2.8399559069986813
7,gray_warm_10_v1,#7e7673,50.252097246971175,3.7169541067756158,47.74274597867236,2.49950488593359,2.751040377215541
8,gray_warm_10_v1,#726866,44.85404391489677,4.373407623046903,35.65391260925884,3.5536239583788265,2.5492059547554735
9,gray_warm_10_v1,#665c5a,39.94434074718665,4.479387622707765,35.656592688950525,3.6396161523030157,2.6111506540915097
10,gray_warm_10_v1,#59504e,34.825356044062104,4.169819204147116,37.2815993198011,3.3177919337442354,2.525796682168968
0,Gray_10_v1,#d5d5d5,85.2704731636151,0.000015671211252426213,NaN,-0.000014550354365816531,0.0000058201417463266125
1,Gray_10_v1,#c6c8c7,80.42519156113995,0.9090109840525721,163.57425147250774,-0.8719115136593958,0.25704334552056896
2,Gray_10_v1,#b6b9b9,74.9167134986884,1.1077792034150955,199.31960194741265,-1.045397742903742,-0.3664946420491644
3,Gray_10_v1,#a7acad,69.99159418414385,1.9318046204824992,215.71707165125252,-1.5684507571390172,-1.1277549885270188
4,Gray_10_v1,#979fa1,64.92167311123512,3.1791069203212747,219.63770004043113,-2.4482100758664305,-2.0280503532360106
5,Gray_10_v1,#889296,59.88302435706349,4.352159429891195,230.41284158778174,-2.773419168147051,-3.354018160497252
6,Gray_10_v1,#7a858b,54.841235623487364,5.347659498884557,239.2970511890782,-2.7304463338710394,-4.598056647526261
7,Gray_10_v1,#6c7880,49.71280702987525,6.45977638331363,245.65916369372798,-2.6624862181302555,-5.88556522864907
8,Gray_10_v1,#606b76,44.6741099859293,7.703152289652934,257.9006204860035,-1.6146421445762393,-7.532030665268397
9,Gray_10_v1,#555f6a,39.8421074695986,7.656002769702017,260.61515345217794,-1.248426323326196,-7.553529646788393
10,Gray_10_v1,#49525e,34.516582837584245,8.201514756225178,265.77700005854183,-0.6039475551073425,-8.17924762109934
